105601
1111 70
1242 #
1803 #
2520 Town301
3900 60
4100 40
5300 %
5830 ]
5900 30
6110 #
6921 Town702
7120 ]
13505 Town403
14726 ]
14901 70
15730 40
16055 %
17863 50
18610 #
19796 Town504
19944 70
20050 %
20120 40
20374 ]
21552 60
22910 #
23750 40
24259 Town805
24612 #
25130 70
25437 ]
33051 70
33457 Town106
33810 30
33930 #
34521 60
34620 %
34744 ]
45706 Town207
47982 ]
56727 Town308
58211 ]
67916 Town609
68000 ]
68500 Town010
68710 40
68900 30
69121 %
69280 60
69550 #
69800 40
70500 ]
71000 Town911
71235 ]
71380 80
71450 70
71521 50
72300 #
74868 Town112
77620 ]
86332 Town513
88881 ]
95950 Town214
97369 ]
100345 Town115
100670 #
100900 #
100950 40
101000 %
101080 60
101600 %
101940 #
102600 30
102800 #
103407 ]
